09 May 2025 10:25:01 AM

FFT_SERIAL
  C++ version

  Demonstrate an implementation of the Fast Fourier Transform
  of a complex data vector.

  Accuracy check:

    FFT ( FFT ( X(1:N) ) ) == N * X(1:N)

             N      NITS    Error         Time          Time/Call     MFLOPS

             2     10000   7.85908e-17      0.001152      5.76e-08       173.611
             4     10000   1.20984e-16      0.002979    1.4895e-07       268.546
             8     10000    6.8208e-17      0.005297    2.6485e-07       453.087
            16     10000   1.43867e-16      0.011996     5.998e-07       533.511
            32      1000   1.33121e-16      0.002091    1.0455e-06       765.184
            64      1000   1.77654e-16      0.005063    2.5315e-06       758.444
           128      1000   1.92904e-16      0.013509    6.7545e-06       663.262
           256      1000   2.09232e-16      0.026845   1.34225e-05       762.898
           512       100   1.92749e-16      0.006835    3.4175e-05       674.177
          1024       100   2.30861e-16      0.012373    6.1865e-05       827.609
          2048       100   2.44762e-16       0.02475    0.00012375       910.222
          4096       100   2.47978e-16      0.057356    0.00028678       856.964
          8192        10   2.57809e-16      0.012157    0.00060785       876.006
         16384        10   2.73399e-16      0.029494     0.0014747       777.704
         32768        10   2.92301e-16       0.06369     0.0031845       771.738
         65536        10   2.82993e-16      0.127647    0.00638235       821.465
        131072         1   3.14967e-16      0.024633     0.0123165       904.569
        262144         1    3.2186e-16      0.055592      0.027796        848.79
        524288         1   3.28137e-16      0.127342      0.063671       782.261
       1048576         1    3.2859e-16      0.258645      0.129323       810.823

FFT_SERIAL:
  Normal end of execution.

09 May 2025 10:25:03 AM